
$orca_opt_file

$trust
    0.300000000000

$epredict
    0.000000000000

$ediffsc
  1000.000000000000

$ctyp
  4

$coordinates
 3 12
  -7.26883157   2.99275928  -0.00245664  -5.42880524   3.22103820   0.51702907
  -7.77338845   1.23172349   0.59129531  -8.28153581   4.22637250   1.07487622

  -7.27065628   2.99512085  -0.01744830  -5.42783275   3.22092157   0.52194062
  -7.77368459   1.23192279   0.59668214  -8.28038745   4.22392826   1.07956950

  -7.27381608   2.99884281  -0.04347440  -5.43558077   3.21817847   0.53151329
  -7.76991043   1.24066252   0.60642589  -8.27325380   4.21420967   1.08627919


# redundant internal coordinates
#  nbonds nangles ndihedrals nimpropers ncartesians
# bond  definitions A B
# angle definitions A B C
# dihedral definitions A B C D
# improper torsion definitions A B C D
# cartesian definitions A x/y/z
$redundant_internals
 3 3 0 1 0
   1   0   0
   2   0   0
   3   0   0
   1   0   3   0   0
   2   0   3   0   0
   1   0   2   0   0
   1   3   2   0   0
$energies
 3
 -56.5188348258009441
 -56.5189563752553852
 -56.5190106025118837

$gradients
 3 12
   0.0010781174177977  -0.0015638697208037   0.0090737517301345  -0.0027735260583233
  -0.0001284671079785  -0.0025385355161179   0.0004657362129670   0.0025093122876470
  -0.0026706330193917   0.0008447655585685  -0.0007709313962895  -0.0025946888031084

   0.0003167764970493  -0.0005598654266536   0.0048613166359600  -0.0001765544958241
   0.0001901816858380  -0.0013792131324742  -0.0002985841911440   0.0000836988704014
  -0.0013008456272459  -0.0001783266477112   0.0003213849494855  -0.0009341129554962

  -0.0001009923762176   0.0001327479173516   0.0000231255693608   0.0003912901509484
   0.0000815288862679   0.0000796690354258  -0.0003223576207757  -0.0004045755097453
   0.0003184764812940  -0.0001717607772251   0.0001719356275702   0.0007166159501766


$redundant_coords
 3 7
   1.9255320279310630   1.9257118309278660   1.9256213427244064   1.8500812137553015
   1.8499607673267893   1.8500183857890269   1.0950696574685006
   1.9333713976503302   1.9336651934433928   1.9320902501151995   1.8394660807540333
   1.8375990583034096   1.8398791805320114   1.1176418547420213
   1.9385118103646934   1.9389888933531119   1.9370946121113943   1.8186014762448144
   1.8146297958432753   1.8191367656028892   1.1607124522946812

$redundant_gradients
 3 7
  -0.0032838862227855  -0.0033304736096851  -0.0027093338131732   0.0009452390580157
   0.0028585272793436   0.0008024887515308  -0.0025471328983210
  -0.0004746375832015  -0.0005031945375095  -0.0005449472646950   0.0007132287994201
   0.0020144688540789   0.0007199824774121  -0.0019089121301327
   0.0004358005829842   0.0004642133574245   0.0003369254928622   0.0000183834009360
  -0.0000233803332374   0.0001493247523876  -0.0001374853046248

$hessian_approx
 12 12
                  0          1          2          3          4          5    
      0       0.708865   0.007354  -0.059677  -0.376043  -0.013915  -0.160616
      1       0.007354   0.708944   0.058999  -0.015726  -0.138085  -0.041839
      2      -0.059677   0.058999   0.275254  -0.103411  -0.033418  -0.051837
      3      -0.376043  -0.015726  -0.103411   0.429571   0.039556   0.096019
      4      -0.013915  -0.138085  -0.033418   0.039556   0.114522   0.025341
      5      -0.160616  -0.041839  -0.051837   0.096019   0.025341   0.057480
      6      -0.146831  -0.044674   0.051003  -0.014188  -0.070374   0.025663
      7      -0.049666  -0.358852   0.108178  -0.038532   0.003160  -0.007234
      8       0.070654   0.160929  -0.062397   0.005575  -0.022579  -0.009769
      9      -0.186617   0.054001   0.107087  -0.037372   0.044904   0.040344
     10       0.056429  -0.212320  -0.131935   0.014184   0.020381   0.023201
     11       0.150054  -0.178737  -0.157286   0.000727   0.030607   0.003047
                  6          7          8          9         10         11    
      0      -0.146831  -0.049666   0.070654  -0.186617   0.056429   0.150054
      1      -0.044674  -0.358852   0.160929   0.054001  -0.212320  -0.178737
      2       0.051003   0.108178  -0.062397   0.107087  -0.131935  -0.157286
      3      -0.014188  -0.038532   0.005575  -0.037372   0.014184   0.000727
      4      -0.070374   0.003160  -0.022579   0.044904   0.020381   0.030607
      5       0.025663  -0.007234  -0.009769   0.040344   0.023201   0.003047
      6       0.133059   0.082840  -0.045368   0.027423   0.032331  -0.031036
      7       0.082840   0.400899  -0.105655   0.003547  -0.044735   0.005701
      8      -0.045368  -0.105655   0.065239  -0.029220  -0.033301   0.005692
      9       0.027423   0.003547  -0.029220   0.195885  -0.102302  -0.117890
     10       0.032331  -0.044735  -0.033301  -0.102302   0.236554   0.141773
     11      -0.031036   0.005701   0.005692  -0.117890   0.141773   0.147201

$bmatrix
 7 12
                  0          1          2          3          4          5    
      0      -0.948271  -0.113146  -0.296613   0.948271   0.113146   0.296613
      1       0.255852   0.906751  -0.335175   0.000000   0.000000   0.000000
      2       0.515947  -0.627417  -0.583221   0.000000   0.000000   0.000000
      3       0.286791   0.490823   0.583175   0.150779  -0.348625  -0.349052
      4      -0.509399  -0.184685   0.606167   0.000000   0.000000   0.000000
      5       0.458955  -0.526142   0.418823   0.012118   0.467760  -0.217175
      6      -0.498413   0.082169  -1.028356  -0.139724  -0.102643   0.485853
                  6          7          8          9         10         11    
      0       0.000000   0.000000   0.000000   0.000000   0.000000   0.000000
      1      -0.255852  -0.906751   0.335175   0.000000   0.000000   0.000000
      2       0.000000   0.000000   0.000000  -0.515947   0.627417   0.583221
      3       0.000000   0.000000   0.000000  -0.437570  -0.142198  -0.234122
      4       0.307029  -0.217102  -0.352959   0.202370   0.401787  -0.253208
      5      -0.471073   0.058382  -0.201648   0.000000   0.000000   0.000000
      6       0.319119   0.010239   0.271294   0.319018   0.010235   0.271209

